NACA 0005                                       
 Alfa =   4.00000 Re =        0.000 Xflap,Yflap =     0.000000    0.000000
#    x        y        Cp  
   1.00000  0.00053  0.23302
   0.99789  0.00065  0.14715
   0.99388  0.00088  0.11524
   0.98908  0.00116  0.09109
   0.98393  0.00146  0.07590
   0.97866  0.00176  0.06002
   0.97335  0.00206  0.05239
   0.96804  0.00236  0.04553
   0.96272  0.00266  0.03636
   0.95740  0.00295  0.02460
   0.95208  0.00325  0.02426
   0.94676  0.00354  0.01204
   0.94144  0.00383  0.01147
   0.93612  0.00412  0.00106
   0.93080  0.00440 -0.00295
   0.92548  0.00469 -0.00519
   0.92016  0.00497 -0.00860
   0.91484  0.00526 -0.01839
   0.90952  0.00554 -0.01772
   0.90420  0.00581 -0.02780
   0.89888  0.00609 -0.02466
   0.89356  0.00637 -0.02986
   0.88824  0.00664 -0.03746
   0.88292  0.00691 -0.03764
   0.87760  0.00718 -0.03909
   0.87228  0.00745 -0.05113
   0.86695  0.00771 -0.04476
   0.86163  0.00798 -0.05527
   0.85631  0.00824 -0.05417
   0.85099  0.00850 -0.05877
   0.84567  0.00876 -0.06557
   0.84034  0.00902 -0.06202
   0.83502  0.00928 -0.06981
   0.82970  0.00953 -0.06927
   0.82438  0.00979 -0.07610
   0.81905  0.01004 -0.07564
   0.81373  0.01029 -0.07781
   0.80841  0.01054 -0.08465
   0.80309  0.01079 -0.08542
   0.79776  0.01103 -0.08778
   0.79244  0.01128 -0.09241
   0.78712  0.01152 -0.09298
   0.78179  0.01176 -0.09468
   0.77647  0.01200 -0.10004
   0.77115  0.01224 -0.09847
   0.76582  0.01247 -0.10631
   0.76050  0.01271 -0.10779
   0.75518  0.01294 -0.10930
   0.74985  0.01317 -0.11100
   0.74453  0.01340 -0.11598
   0.73921  0.01363 -0.11578
   0.73388  0.01386 -0.11939
   0.72856  0.01409 -0.12504
   0.72324  0.01431 -0.12536
   0.71791  0.01453 -0.12557
   0.71259  0.01475 -0.13261
   0.70727  0.01497 -0.13162
   0.70194  0.01519 -0.13782
   0.69662  0.01540 -0.13354
   0.69129  0.01562 -0.14171
   0.68597  0.01583 -0.14527
   0.68065  0.01604 -0.14515
   0.67532  0.01625 -0.14963
   0.67000  0.01646 -0.14838
   0.66467  0.01666 -0.15459
   0.65935  0.01687 -0.15439
   0.65403  0.01707 -0.15948
   0.64870  0.01727 -0.16069
   0.64338  0.01747 -0.16359
   0.63805  0.01766 -0.16652
   0.63273  0.01786 -0.16866
   0.62741  0.01805 -0.17275
   0.62208  0.01824 -0.17323
   0.61676  0.01843 -0.17704
   0.61144  0.01862 -0.17793
   0.60611  0.01880 -0.18374
   0.60079  0.01899 -0.18336
   0.59546  0.01917 -0.18936
   0.59014  0.01935 -0.18784
   0.58482  0.01953 -0.19558
   0.57949  0.01970 -0.19177
   0.57417  0.01987 -0.19947
   0.56885  0.02005 -0.20282
   0.56352  0.02022 -0.20271
   0.55820  0.02038 -0.20524
   0.55288  0.02055 -0.20924
   0.54755  0.02071 -0.21295
   0.54223  0.02087 -0.21443
   0.53691  0.02103 -0.21851
   0.53158  0.02118 -0.21983
   0.52626  0.02134 -0.22362
   0.52094  0.02149 -0.22604
   0.51562  0.02164 -0.22978
   0.51029  0.02178 -0.23197
   0.50497  0.02193 -0.23413
   0.49965  0.02207 -0.23869
   0.49433  0.02221 -0.24178
   0.48900  0.02234 -0.24301
   0.48368  0.02248 -0.24869
   0.47836  0.02261 -0.24926
   0.47304  0.02273 -0.25484
   0.46772  0.02286 -0.25441
   0.46240  0.02298 -0.26036
   0.45707  0.02310 -0.26321
   0.45175  0.02322 -0.26617
   0.44643  0.02333 -0.26975
   0.44111  0.02344 -0.27161
   0.43579  0.02355 -0.27696
   0.43047  0.02365 -0.27937
   0.42515  0.02375 -0.28195
   0.41983  0.02385 -0.28649
   0.41451  0.02394 -0.29000
   0.40919  0.02403 -0.29286
   0.40387  0.02412 -0.29728
   0.39855  0.02420 -0.29996
   0.39323  0.02428 -0.30599
   0.38791  0.02436 -0.30641
   0.38260  0.02443 -0.31094
   0.37728  0.02450 -0.31544
   0.37196  0.02456 -0.31929
   0.36664  0.02462 -0.32104
   0.36132  0.02468 -0.32834
   0.35601  0.02473 -0.33076
   0.35069  0.02478 -0.33447
   0.34538  0.02482 -0.33915
   0.34006  0.02486 -0.34263
   0.33474  0.02490 -0.34614
   0.32943  0.02493 -0.35292
   0.32411  0.02495 -0.35717
   0.31880  0.02497 -0.35681
   0.31349  0.02499 -0.36528
   0.30817  0.02500 -0.36934
   0.30286  0.02501 -0.37353
   0.29755  0.02501 -0.37796
   0.29224  0.02500 -0.38351
   0.28692  0.02499 -0.38743
   0.28161  0.02498 -0.39376
   0.27630  0.02495 -0.39757
   0.27099  0.02493 -0.40353
   0.26569  0.02489 -0.40795
   0.26038  0.02485 -0.41461
   0.25507  0.02481 -0.41887
   0.24976  0.02475 -0.42490
   0.24446  0.02469 -0.43059
   0.23915  0.02463 -0.43587
   0.23385  0.02455 -0.44223
   0.22855  0.02447 -0.44980
   0.22324  0.02439 -0.45392
   0.21794  0.02429 -0.46234
   0.21264  0.02419 -0.46673
   0.20734  0.02407 -0.47523
   0.20205  0.02396 -0.48287
   0.19675  0.02383 -0.48802
   0.19146  0.02369 -0.49798
   0.18616  0.02354 -0.50421
   0.18087  0.02339 -0.51230
   0.17558  0.02322 -0.52117
   0.17030  0.02305 -0.52911
   0.16501  0.02286 -0.53808
   0.15973  0.02266 -0.54776
   0.15445  0.02246 -0.55738
   0.14917  0.02224 -0.56766
   0.14389  0.02200 -0.57849
   0.13862  0.02176 -0.58826
   0.13335  0.02150 -0.60106
   0.12808  0.02123 -0.61236
   0.12282  0.02094 -0.62646
   0.11757  0.02064 -0.63933
   0.11231  0.02033 -0.65461
   0.10707  0.01999 -0.66881
   0.10182  0.01964 -0.68685
   0.09659  0.01927 -0.70319
   0.09136  0.01888 -0.72244
   0.08615  0.01846 -0.74355
   0.08094  0.01803 -0.76543
   0.07574  0.01757 -0.79080
   0.07056  0.01708 -0.81759
   0.06539  0.01656 -0.84701
   0.06024  0.01602 -0.88114
   0.05511  0.01543 -0.91811
   0.05002  0.01481 -0.96160
   0.04495  0.01415 -1.01063
   0.03993  0.01344 -1.06966
   0.03498  0.01268 -1.13816
   0.03010  0.01185 -1.22120
   0.02535  0.01096 -1.32537
   0.02080  0.01001 -1.45469
   0.01657  0.00901 -1.61629
   0.01284  0.00799 -1.82403
   0.00977  0.00702 -2.06278
   0.00735  0.00613 -2.34278
   0.00550  0.00533 -2.64765
   0.00407  0.00460 -2.98086
   0.00294  0.00393 -3.34209
   0.00205  0.00330 -3.71982
   0.00135  0.00269 -4.11054
   0.00080  0.00208 -4.41995
   0.00040  0.00148 -4.58307
   0.00014  0.00087 -4.35625
   0.00001  0.00028 -3.71740
   0.00001 -0.00028 -2.73145
   0.00014 -0.00087 -1.60700
   0.00040 -0.00148 -0.61300
   0.00080 -0.00208  0.11933
   0.00135 -0.00269  0.56781
   0.00205 -0.00330  0.82425
   0.00294 -0.00393  0.95121
   0.00407 -0.00460  0.99736
   0.00550 -0.00533  0.99092
   0.00736 -0.00613  0.95039
   0.00977 -0.00702  0.88839
   0.01284 -0.00799  0.81501
   0.01657 -0.00901  0.74031
   0.02080 -0.01001  0.67232
   0.02535 -0.01096  0.61315
   0.03010 -0.01185  0.56241
   0.03498 -0.01268  0.51971
   0.03993 -0.01344  0.48202
   0.04495 -0.01415  0.45106
   0.05002 -0.01481  0.42229
   0.05511 -0.01543  0.39690
   0.06024 -0.01602  0.37597
   0.06539 -0.01656  0.35538
   0.07056 -0.01708  0.33802
   0.07574 -0.01757  0.32139
   0.08094 -0.01803  0.30661
   0.08615 -0.01846  0.29263
   0.09136 -0.01888  0.28058
   0.09659 -0.01927  0.26821
   0.10182 -0.01964  0.25891
   0.10707 -0.01999  0.24836
   0.11231 -0.02033  0.23815
   0.11757 -0.02064  0.22994
   0.12282 -0.02094  0.22171
   0.12808 -0.02123  0.21486
   0.13335 -0.02150  0.20612
   0.13862 -0.02176  0.20037
   0.14389 -0.02200  0.19398
   0.14917 -0.02224  0.18676
   0.15445 -0.02246  0.18234
   0.15973 -0.02266  0.17574
   0.16501 -0.02286  0.17056
   0.17030 -0.02305  0.16656
   0.17558 -0.02322  0.16102
   0.18087 -0.02339  0.15778
   0.18616 -0.02354  0.15187
   0.19146 -0.02369  0.14874
   0.19675 -0.02383  0.14493
   0.20205 -0.02396  0.14071
   0.20734 -0.02407  0.13775
   0.21264 -0.02419  0.13366
   0.21794 -0.02429  0.13049
   0.22324 -0.02439  0.12811
   0.22855 -0.02447  0.12454
   0.23385 -0.02455  0.12175
   0.23915 -0.02463  0.11977
   0.24446 -0.02469  0.11604
   0.24976 -0.02475  0.11283
   0.25507 -0.02481  0.11209
   0.26038 -0.02485  0.10877
   0.26569 -0.02489  0.10730
   0.27099 -0.02493  0.10505
   0.27630 -0.02495  0.10244
   0.28161 -0.02498  0.10004
   0.28692 -0.02499  0.09837
   0.29224 -0.02500  0.09707
   0.29755 -0.02501  0.09427
   0.30286 -0.02501  0.09320
   0.30817 -0.02500  0.09177
   0.31349 -0.02499  0.08919
   0.31880 -0.02497  0.08937
   0.32411 -0.02495  0.08646
   0.32943 -0.02493  0.08587
   0.33474 -0.02490  0.08376
   0.34006 -0.02486  0.08156
   0.34537 -0.02482  0.08243
   0.35069 -0.02478  0.07966
   0.35601 -0.02473  0.07936
   0.36132 -0.02468  0.07670
   0.36664 -0.02462  0.07703
   0.37196 -0.02456  0.07612
   0.37728 -0.02450  0.07398
   0.38260 -0.02443  0.07228
   0.38791 -0.02436  0.07374
   0.39323 -0.02428  0.07074
   0.39855 -0.02420  0.06973
   0.40387 -0.02412  0.07073
   0.40919 -0.02403  0.06868
   0.41451 -0.02394  0.06715
   0.41983 -0.02385  0.06709
   0.42515 -0.02375  0.06744
   0.43047 -0.02365  0.06469
   0.43579 -0.02355  0.06557
   0.44111 -0.02344  0.06287
   0.44643 -0.02333  0.06562
   0.45175 -0.02322  0.06259
   0.45707 -0.02310  0.06113
   0.46240 -0.02298  0.06166
   0.46772 -0.02286  0.06134
   0.47304 -0.02273  0.06059
   0.47836 -0.02261  0.06111
   0.48368 -0.02248  0.05792
   0.48900 -0.02234  0.05916
   0.49433 -0.02221  0.05876
   0.49965 -0.02207  0.05895
   0.50497 -0.02193  0.05542
   0.51029 -0.02178  0.05941
   0.51562 -0.02164  0.05472
   0.52094 -0.02149  0.05609
   0.52626 -0.02134  0.05632
   0.53158 -0.02118  0.05407
   0.53691 -0.02103  0.05581
   0.54223 -0.02087  0.05544
   0.54755 -0.02071  0.05401
   0.55288 -0.02055  0.05520
   0.55820 -0.02038  0.05084
   0.56352 -0.02022  0.05570
   0.56885 -0.02005  0.05265
   0.57417 -0.01987  0.05170
   0.57949 -0.01970  0.05362
   0.58482 -0.01953  0.05263
   0.59014 -0.01935  0.05227
   0.59546 -0.01917  0.04999
   0.60079 -0.01899  0.05258
   0.60611 -0.01880  0.05218
   0.61144 -0.01862  0.04773
   0.61676 -0.01843  0.05420
   0.62208 -0.01824  0.04975
   0.62741 -0.01805  0.05066
   0.63273 -0.01786  0.05104
   0.63805 -0.01766  0.04958
   0.64338 -0.01747  0.05076
   0.64870 -0.01727  0.04917
   0.65403 -0.01707  0.04940
   0.65935 -0.01687  0.04999
   0.66467 -0.01666  0.05037
   0.67000 -0.01646  0.04978
   0.67532 -0.01625  0.04965
   0.68065 -0.01604  0.04844
   0.68597 -0.01583  0.05142
   0.69129 -0.01562  0.04655
   0.69662 -0.01540  0.05101
   0.70194 -0.01519  0.04928
   0.70727 -0.01497  0.04778
   0.71259 -0.01475  0.05239
   0.71791 -0.01453  0.04863
   0.72324 -0.01431  0.04834
   0.72856 -0.01409  0.05246
   0.73388 -0.01386  0.04696
   0.73921 -0.01363  0.05018
   0.74453 -0.01340  0.04661
   0.74985 -0.01317  0.05217
   0.75518 -0.01294  0.04931
   0.76050 -0.01271  0.05096
   0.76582 -0.01247  0.05124
   0.77115 -0.01224  0.04947
   0.77647 -0.01200  0.05307
   0.78179 -0.01176  0.04876
   0.78712 -0.01152  0.04866
   0.79244 -0.01128  0.05350
   0.79776 -0.01103  0.05051
   0.80309 -0.01079  0.04853
   0.80841 -0.01054  0.05642
   0.81373 -0.01029  0.05043
   0.81905 -0.01004  0.05049
   0.82438 -0.00979  0.05488
   0.82970 -0.00953  0.05386
   0.83502 -0.00928  0.05247
   0.84034 -0.00902  0.05736
   0.84567 -0.00876  0.05065
   0.85099 -0.00850  0.05501
   0.85631 -0.00824  0.05814
   0.86163 -0.00798  0.05430
   0.86695 -0.00771  0.05437
   0.87227 -0.00745  0.06223
   0.87760 -0.00718  0.05534
   0.88292 -0.00691  0.06345
   0.88824 -0.00664  0.05570
   0.89356 -0.00637  0.06479
   0.89888 -0.00609  0.06103
   0.90420 -0.00581  0.06276
   0.90952 -0.00554  0.06566
   0.91484 -0.00526  0.06420
   0.92016 -0.00497  0.06775
   0.92548 -0.00469  0.06941
   0.93080 -0.00440  0.06868
   0.93612 -0.00412  0.06996
   0.94144 -0.00383  0.07691
   0.94676 -0.00354  0.07480
   0.95208 -0.00325  0.08009
   0.95740 -0.00295  0.08141
   0.96272 -0.00266  0.08922
   0.96804 -0.00236  0.08838
   0.97335 -0.00206  0.09679
   0.97866 -0.00176  0.09608
   0.98393 -0.00146  0.10871
   0.98908 -0.00116  0.11958
   0.99388 -0.00088  0.13297
   0.99789 -0.00065  0.16813
   1.00000 -0.00053  0.23302
